3 36 22
1
36
5
6
7
8
9 9
10 418
25 11
25 12
13 44
51
28 20
36
32
38
52 39
50 37
48 38
14
15 475
54 30
49 35
46 33
32
14 21
17 38 48
52 39
42 55

40 23
58
45
59
27 4
45
16 26
24
23 31
79 60 67
89 56
51
58
16 26
57 75
62
29 18

43 34 8
73 61
19 6
69
64 41 83

89 65
92 63
74 68
47
53 102
100 116 80

92 75
72 41 83
89 71
93 78
53 102
94 77


101 95
64 41 83
90 112
96 96
84 66
115 98
104 88
86
53 102
103 87

117 107
53
70 78



113 97
69
99 61


86
76 82

85 111
113 141
117 107
61
24
89
81 91

113



121
121
157 142
120
99 61
120
153 163

123 96 96
145 105
163 150
108 167
148 154

169 178 217
24
128 127
130 133

132 136

135 126
138 396

129 136

138 396
137 125

134 131
396
153 163
158 187
113
163 170 150
160
106 159

227 236
157 118
119 155 167
192 166 156


164

106 144
109 167
192 199

178
114 139
203 172
173

122 151


160
110 147

194 143
140 158 187
202 152 185
203 188 184
179 161


183 161
206
168 149
195 212 173
214 197 190
215 198

176 161
193
202 152
226 208 200
162 171
180
210 204
207
201 182
165 174
223 241 216
160
173
173
207
219 211
193 181
146 236
189 213
178
220 175
257 248 232
222
199
225 244
226 200
191
221 251 240

186 196 173
205
233 224

209 230
183


235 188
237 229
239 246
209 230
207
252 242
208 200
243 261 253 306 354
205
245 258
250 238
263
251
207
255

200 217
229
209 249
267 260
180
209 230
263
340 269 305 317 354
254 231
268 284
262
205
221
209
209
259 272 294 234 278
264 275
305 331 340 266 354
263

302 280 270
247 228
358

246
269 340 331 276 354
273 283
277 204

310
279 285 306 253 354
246
281 358 1
261 243 321 295 354
286 280
287

221
239 246
288 301
295 306 285 261 354
297 289
265 310
266 342 317 305 291

311
296 315
316 293
124
342 266 276 331 354
319 299
303
318 298
312
307 307
313 327 369
332 314
308 322
274 256
276 317 342 269 354
255
309 328


358

282 290 270
371 323
124
253 321 243 279 354
317 276 266 340 354
320 255
221 324
289
259 272 294 234
292
336 325
335 343 369
329

221 324
306 295 279 243 354

326 337

331 305 269 342 354

370 334
402
339 384

313 344 369
289
347
352 341 399
321 253 261 285 354
314
353
346 370 379
313 327 369
357 380
345
348 390

243 261 253 306 354
330 217
285 279 295 321 354
313 327 369
313 327 369
353

375 355
373
377 395

399 382
372
337 326 376
227 236
387 415 381 397
392 385
402
360 365
292 358 304
367 364
292 358 304
292 358 304
359 366
362
292 358 304
361 368
362 363
292 358 304
330

346 334
352 341 399

393 

394 383
388 395
349 338 386
389 356
350 402
425
399 391
394 401
402 350
398 410
405 374
425


373 400
404 426

413 403
430

407 433 417


351 372

394 409
378 338
427 416
194 183
348 390

292 424
428 420
423
440 398
470 452
422 435
457 443
451 434
425
457 443
433
10
431 452
469 444 463
453
468 474
438 449
433 292
414 406
351 217
457 443


445 411 419 456
442
448 460
458 408
441 461
468 474
280 270
459 450
394
471 465
446 429

447 466
436

431 421


473 467


441 461



412 462
470 421
439 432
347 437



412

472 292
348 390

436
474
444 463 454

455
124
455 465
124 464
36
